Current Time = 08:19:42
{"meta": {"sent": "2021-04-28T05:19:43.097Z"}}
{
    "ids": [
        1330187356545179649,
        984460404993605632,
        1415486622,
        1379076804342915074,
        1299838087,
        1386694571237728263,
        1378073313042432001,
        1376600550582718469,
        1277747955492171781,
        780838550434525184,
        1387090655416098823,
        1079116643899490305,
        1362858674528677892,
        1368276647028420608,
        1368096811223638016,
        498343700,
        1378349796289871878,
        1264562910845526016,
        1362135569954983937,
        1381087311291576320,
        880079200409055233,
        1374785529842176003,
        1365004188871196673,
        1354597435822239749,
        335214057,
        1107819534914908165,
        1198370048966111232,
        1333763815259955201,
        1382343532946419713,
        1384149527389564935,
        515674722,
        1384861332424458246,
        1372595163252465664,
        310745063,
        1672106028,
        1385013511789551616,
        1050020036709093379,
        1367109775201361929,
        1385315553858899969,
        1324375634374615040,
        829608360307593216,
        1386945350796206080,
        1211414193699606528,
        1355059673775431680,
        1375075531884929030,
        1378985603509886981,
        1082551027339935744,
        1384264715803643912,
        1064359451879251968,
        1035210906328817664,
        1374780062722101249,
        1386593046217641985,
        1356134455761457160,
        72383811,
        1384250214274375684,
        1340280798285598720,
        1383122761917337606,
        1386746082332487683,
        1386742243168559105,
        1270006485024718849,
        1386427206100873217,
        1385512421448638476,
        1386400823891087362,
        1371549851893260293,
        1357983057194614785,
        1266056984245067777,
        1386244854384971779,
        3144708782,
        1384417539485167617,
        1386114717467426819,
        1354688218415816705,
        1173078009156259840,
        529094013,
        1371561280700616707,
        2847607152,
        1375141085605990402,
        1168919899516866560,
        1376219601432846336,
        1386319853888417793,
        1378472948424527873,
        3343134112,
        1379236385459146753,
        1385193306838212608,
        1384868708028452866,
        1380687167773503492,
        1385163406420946947,
        1386235727462080513,
        1186283939582763009,
        1383029901733859332,
        1386176545367072772,
        1380969557242830849,
        1268596911994548224,
        1376918509289152515,
        1385882958775701505,
        1384486232709689346,
        1359160094529908740,
        1386295407395889152,
        1354919218769260551,
        817056660,
        1376621946,
        83298412,
        1385994070179340290,
        1233649844650160128,
        1385171319424229381,
        1361136453661638656,
        59056041,
        2553063992,
        1368279399527809033,
        1384476396932591618,
        1370005990691672069,
        1386202494762721281,
        1385166865320849416,
        1332291673154416641,
        2615579726,
        1244536962972815360,
        1066798525,
        114292496,
        66725480,
        1326609198902374402,
        1325145097269354497,
        1350100410942455808,
        1379517993579917320,
        1386279434551009281,
        3038701476,
        1385889983203090440,
        1372899806339731457,
        920105096,
        1385934806375075840,
        1339243447123734528,
        1350705632152875010,
        1241234717367832576,
        1348653410040631296,
        1386292504258097158,
        875849450308206595,
        1222906094265212933,
        1341700618600263680,
        1386280174912778240,
        1266247535305224195,
        1385089801863454720,
        1373165776010633216,
        1384514998118928385,
        1370574526384205830,
        1380767809412685832,
        1386218836056322050,
        1365204392803188736,
        1371834762,
        812362924685561856,
        300799199,
        1366829788950712320,
        1333727321963048960,
        1332036103189237763,
        394373644,
        1197529219695333380,
        1856407806,
        245314102,
        1356352127329849349,
        1351611420006363144,
        1363894022343954437,
        1239739663880818688,
        1296154661230202880,
        1358872218239856641,
        966101373078052864,
        1383034492319895552,
        1036948832112627712,
        1370046721997299714,
        1109739535242530817,
        1369746378948247553,
        1054448450862006274,
        841553962037891072,
        1293785290549731328,
        1385601141136924674,
        1361741989100875781,
        4824978493,
        326610145,
        1384486671400505346,
        535056408,
        308157582,
        1335425392916750339,
        2478944172,
        4503474017,
        1365953555014635522,
        1372198579146735621,
        1360812052995014661,
        2335824590,
        1376217672971649031,
        1384955929079189505,
        862036771454029831,
        1384602174601273351,
        898687669961498625,
        1384961463803068418,
        1259677352038141953,
        1243342913918177280,
        917718373554933760,
        2341221256,
        770085440,
        1289896452181852160,
        871521882826264576,
        1354470716742090755,
        859467014993317889,
        1110376041086898177,
        899677043666956288,
        539976655,
        882335353251794944,
        4649311692,
        1375358832831045633,
        528743999,
        1380508987775389697,
        1381437261372268547,
        1384340517538861060,
        1379140103352672257,
        176021600,
        1365322797044563969,
        1217456993813835777,
        1208694010837028865,
        1373922004076728321,
        791607350,
        1375810525226016769,
        1335388840907976705,
        44610517,
        1360655675626573824,
        918463419304439808,
        944840071458455552,
        1286688397105430529,
        1296159528459755520,
        1036997954517827584,
        2615138756,
        1168937553975754752,
        1372371689535762438,
        1271981915063517185,
        1381741310256635907,
        1371384262184771589,
        291834344,
        1341921636,
        1272272666993610753,
        1221857572808024066,
        1301066344780107776,
        768209614873563136,
        700615428066816000,
        1267707857820176384,
        1367905868944203778,
        1367216492702531592,
        767178921167101952,
        1356405522698825729,
        1069892782494339072,
        1305710714137587713,
        1371919490917801988,
        1356349074501472257,
        1274523011937382401,
        1349072497312993286,
        1359559033317900293,
        1245377578577297410,
        1370483739516624904,
        599024692,
        1358259814858706947,
        2149637852,
        382974164,
        1363952351472680968,
        1327937878798848000,
        377892255,
        1199203227159257088,
        950811300606615552,
        3456735138,
        27722674,
        1266100134653431809,
        784368118202298368,
        1371379671582056449,
        1014198860233822208,
        1321134820894846976,
        1359940453743886342,
        1178578431698755584,
        945241914667950080,
        1187828318017507328,
        951223406673973254,
        956629510509735936,
        1378628679216025603,
        1378714043163287553,
        1356161932080766978,
        1145300166242648065,
        1346474062059429889,
        3996679762,
        1196030732449275904,
        1344897913290444800,
        1310971367475548160,
        753777912,
        1370031704765833220,
        993517112567193601,
        97254706,
        786735887014957056,
        1267634057283809280,
        577943502,
        1321031598091857920,
        1373571760050814978,
        139121423,
        1132258995769610240,
        1375516791477301256,
        1353824367566876672,
        1233062287725989889,
        1367995338552905728,
        880819258019729408,
        3389156433,
        1159446161616449536,
        1915385755,
        1378734985931333635,
        743614355950833664,
        1364666751984807943,
        979839056057192448,
        951123753165099009,
        1113122504552341504,
        951301483743629312,
        895852843021737984,
        1083346352564854784,
        1022103296402763776,
        1011572384392937473,
        927247441946017792,
        947622064726401024,
        917639927508193280,
        936923929020526594,
        171761141,
        877409620947591169,
        948376915294982144,
        828499253639127043,
        961729871436288000,
        930028959986847744,
        957375091062591488,
        953453576663203841,
        33923443,
        945914517279555584,
        824805878217969666,
        521628564,
        843798122,
        3491545035,
        4855302715,
        3047369602
    ],
    "next_cursor": 0,
    "next_cursor_str": "0",
    "previous_cursor": 0,
    "previous_cursor_str": "0",
    "total_count": null
}
